    0.0000000   241.5000000    0.0000000    269.0600000    4.4240100    1.2602124    102390.6400000    0.0006615
    0.0000000   261.6000000    0.0000000    268.6600000    5.0921295    1.4697677    102323.1000000    0.0007446
    0.0000000   265.6000000    0.0000000    269.0600000    4.2893580    1.3606645    102424.4100000    0.0007994
    0.0000000   263.8000000    0.0000000    269.8600000    4.0734625    1.0231830    102424.4100000    0.0008992
    0.0000000   269.3000000    0.0000000    269.8600000    4.2766284    1.0346253    102525.7200000    0.0008814
    0.0000000   289.7000000    0.0000000    270.2600000    3.3219550    0.7243033    102491.9500000    0.0009990
    0.0000000   295.3000000    0.0000000    270.1600000    4.7149788    0.8994303    102525.7200000    0.0009860
    0.0000000   300.1000000    0.0000000    271.4600000    3.1494259    0.5666712    102593.2600000    0.0011449
    0.0000000   294.5000000    0.0000000    271.2600000    4.1228342    0.8013978    102593.2600000    0.0010824
    0.0000000   296.7000000    0.0000000    271.0600000    4.9590866    1.1905714    102694.5700000    0.0010710
    60.7000000   287.5000000    0.0000000    271.5600000    4.8598050    1.1757106    102694.5700000    0.0011324
    208.7000000   244.5000000    0.0000000    272.8600000    5.3553066    1.6372815    102795.8800000    0.0013393
    358.8000000   247.6000000    0.0000000    274.4600000    4.4466012    1.5224119    102762.1100000    0.0017000
    382.1000000   249.0000000    0.0000000    275.1600000    4.1104997    1.5696472    102728.3400000    0.0018734
    383.1000000   248.9000000    0.0000000    275.3600000    5.1415412    1.9530883    102694.5700000    0.0019155
    379.9000000   248.5000000    0.0000000    275.7600000    3.2521547    2.1525542    102694.5700000    0.0021712
    273.5000000   245.9000000    0.0000000    275.5600000    5.4605292    1.9551525    102660.8000000    0.0021293
    100.0000000   242.9000000    0.0000000    275.0600000    5.0156986    1.3721399    102694.5700000    0.0021785
    0.0000000   242.3000000    0.0000000    274.6600000    3.4963110    1.2107062    102728.3400000    0.0021048
    0.0000000   243.7000000    0.0000000    274.8600000    5.8894018    2.2371739    102728.3400000    0.0021953
    0.0000000   248.6000000    0.0000000    275.1600000    6.4797503    2.3712519    102694.5700000    0.0022406
    0.0000000   252.2000000    0.0000000    276.7600000    5.8470014    4.2014967    102660.8000000    0.0027526
    0.0000000   251.6000000    0.0000000    277.2600000    6.5848327    5.0527199    102627.0300000    0.0030886
    0.0000000   252.0000000    0.0000000    277.5600000    6.9652126    5.5403803    102593.2600000    0.0033200
    0.0000000   252.7000000    0.0000000    278.2600000    7.2253573    5.3660239    102525.7200000    0.0037880
    0.0000000   250.3000000    0.0000000    278.5600000    6.6834553    5.4121554    102491.9500000    0.0042282
    0.0000000   249.5000000    0.0007055    278.7600000    6.8729008    4.6533037    102491.9500000    0.0042638
    0.0000000   249.4000000    0.0007055    278.3600000    7.8835033    5.1196069    102424.4100000    0.0041321
    0.0000000   253.1000000    0.0000000    278.5600000    8.9290365    5.1344237    102356.8700000    0.0043599
    0.0000000   250.8000000    0.0000000    278.9600000    8.6422385    5.7854744    102323.1000000    0.0045155
    0.0000000   246.7000000    0.0000000    279.0600000    8.2259458    6.1986947    102289.3300000    0.0039843
    0.0000000   244.1000000    0.0000000    279.1600000    8.1808970    5.2118062    102289.3300000    0.0036218
    0.0000000   244.3000000    0.0000000    279.4600000    7.9432391    4.6416541    102289.3300000    0.0033309
    10.1100000   246.1000000    0.0000000    279.4600000    7.7843126    4.1042024    102323.1000000    0.0032362
    63.8500000   247.3000000    0.0000000    279.2600000    7.8582336    4.1782969    102356.8700000    0.0032948
    202.7000000   255.4000000    0.0000000    280.2600000    7.6847259    3.1360785    102356.8700000    0.0035788
    250.6000000   267.4000000    0.0000000    280.3600000    7.1926435    4.3388800    102289.3300000    0.0035782
    265.5000000   271.9000000    0.0000000    280.2600000    5.7357928    4.9860486    102221.7900000    0.0034889
    170.3000000   287.5000000    0.0000000    280.0600000    6.3521359    4.1725734    102120.4800000    0.0032688
    101.1000000   299.3000000    0.0007055    280.4600000    5.5963404    4.0362080    102154.2500000    0.0031636
    63.8500000   304.9000000    0.0000000    281.0600000    8.2863968    3.2474034    102086.7100000    0.0030632
    35.1200000   297.6000000    0.0000000    281.1600000    6.9833766    3.9028773    102052.9400000    0.0031537
    0.0000000   289.3000000    0.0000000    281.7600000    6.7685705    3.8763969    102019.1700000    0.0033008
    0.0000000   287.6000000    0.0000000    282.5600000    5.2655864    3.4588438    102019.1700000    0.0037050
    0.0000000   288.7000000    0.0000000    282.9600000    3.1195345    3.3806071    102052.9400000    0.0038685
    0.0000000   278.5000000    0.0000000    282.8600000    2.1808523    3.2332465    102052.9400000    0.0037912
    0.0000000   260.2000000    0.0000000    282.6600000    1.5578325    3.3560629    102120.4800000    0.0039489
    0.0000000   252.6000000    0.0000000    281.9600000    0.1458026    2.1951632    102154.2500000    0.0037566
    0.0000000   247.7000000    0.0000000    280.5600000    1.2994278    0.0385661    102188.0200000    0.0032998
    0.0000000   256.3000000    0.0000000    279.3600000    0.7999805    0.0055850    102188.0200000    0.0029944
    0.0000000   269.4000000    0.0000000    278.6600000    0.4602524    0.1953656    102154.2500000    0.0029350
    0.0000000   286.2000000    0.0000000    278.1600000    0.0975149    0.0221548    102188.0200000    0.0031306
    0.0000000   254.3000000    0.0000000    277.6600000    0.8457234    0.3078181    102221.7900000    0.0029807
    0.0000000   255.8000000    0.0000000    276.4600000    0.3894316    0.0913403    102289.3300000    0.0025088
    0.0000000   281.3000000    0.0000000    276.0600000    0.1127052    0.1652197    102323.1000000    0.0026014
    0.0000000   285.6000000    0.0000000    277.0600000    0.6943261    0.0889452    102289.3300000    0.0035304
    0.0000000   245.0000000    0.0000000    276.9600000    0.2998972    0.0078531    102323.1000000    0.0036881
    0.0000000   241.4000000    0.0000000    276.7600000    0.1985515    0.0240274    102390.6400000    0.0034868
    32.4700000   242.2000000    0.0000000    277.0600000    0.5984645    0.0428985    102458.1800000    0.0035882
    173.5000000   249.2000000    0.0000000    277.9600000    0.0000000    0.0000000    102491.9500000    0.0039535
    366.6000000   253.4000000    0.0000000    280.5600000    0.1848734    0.4645663    102491.9500000    0.0050216
    382.9000000   255.8000000    0.0000000    279.7600000    0.9617413    0.2739592    102491.9500000    0.0049034
    373.8000000   257.1000000    0.0000000    280.0600000    1.0929290    0.1245235    102458.1800000    0.0049499
    370.7000000   257.5000000    0.0000000    280.3600000    1.0155312    0.4227249    102458.1800000    0.0051067
    248.9000000   253.1000000    0.0000000    280.2600000    0.4326238    1.3314791    102458.1800000    0.0052390
    102.2000000   247.2000000    0.0000000    278.9600000    2.5755002    1.0985439    102491.9500000    0.0045656
    0.0000000   244.2000000    0.0000000    277.7600000    1.8988426    0.0663090    102559.4900000    0.0039914
    0.0000000   243.1000000    0.0000000    277.4600000    0.9762960    0.2164396    102525.7200000    0.0037810
    0.0000000   244.3000000    0.0000000    277.9600000    3.4724067    0.9499430    102559.4900000    0.0039754
    0.0000000   245.9000000    0.0000000    278.4600000    3.2787871    0.3735706    102593.2600000    0.0041745
    0.0000000   244.3000000    0.0000000    278.4600000    3.5146656    0.7791826    102627.0300000    0.0042350
    0.0000000   245.1000000    0.0000000    278.3600000    2.9134028    0.7156004    102660.8000000    0.0039922
    0.0000000   246.8000000    0.0000000    278.5600000    2.6852091    0.2822269    102627.0300000    0.0037106
    0.0000000   248.0000000    0.0000000    278.4600000    2.4462725    0.5155105    102627.0300000    0.0035542
    0.0000000   247.5000000    0.0000000    278.2600000    4.9652524    1.1645894    102627.0300000    0.0036301
    0.0000000   250.1000000    0.0000000    278.9600000    5.6770862    1.6064535    102660.8000000    0.0033133
    0.0000000   251.6000000    0.0000000    279.1600000    6.0467733    1.7682003    102627.0300000    0.0031451
    0.0000000   252.0000000    0.0000000    278.2600000    5.1316497    0.8403399    102627.0300000    0.0031250
    0.0000000   254.5000000    0.0000000    278.7600000    5.6581004    1.2751080    102627.0300000    0.0033769
    0.0000000   257.2000000    0.0000000    278.8600000    5.3757874    1.1622864    102627.0300000    0.0031675
    0.0000000   255.5000000    0.0000000    278.2600000    7.0182806    1.6074008    102593.2600000    0.0028263
    8.5100000   256.5000000    0.0000000    278.9600000    5.0530401    2.8472418    102660.8000000    0.0029302
    63.3200000   253.8000000    0.0000000    279.5600000    3.7261915    2.6973128    102660.8000000    0.0030139
    194.2000000   255.4000000    0.0000000    280.2600000    5.0187209    2.7023028    102660.8000000    0.0032031
    374.0000000   262.7000000    0.0000000    281.7600000    5.1231261    2.4987155    102627.0300000    0.0036541
    382.9000000   266.0000000    0.0000000    282.1600000    6.2769730    2.0395122    102559.4900000    0.0037967
    382.8000000   267.0000000    0.0000000    282.7600000    3.5649292    2.0251617    102559.4900000    0.0042028
    377.0000000   267.0000000    0.0000000    282.6600000    4.8336189    1.6266925    102491.9500000    0.0043126
    276.5000000   265.5000000    0.0000000    282.7600000    4.1505592    0.6425405    102525.7200000    0.0044309
    122.9000000   261.7000000    0.0000000    282.7600000    2.6674521    0.8512926    102525.7200000    0.0043611
    0.0000000   258.4000000    0.0000000    281.3600000    3.1145431    1.0906975    102491.9500000    0.0038015
    0.0000000   258.9000000    0.0000000    281.6600000    2.7600437    1.6193080    102458.1800000    0.0039416
    0.0000000   257.2000000    0.0000000    282.2600000    2.2941139    2.2309283    102458.1800000    0.0041993
    0.0000000   255.1000000    0.0000000    281.9600000    2.7103517    2.6634552    102424.4100000    0.0041013
    0.0000000   272.7000000    0.0000000    282.2600000    3.1388130    3.4982643    102390.6400000    0.0041051
    0.0000000   264.4000000    0.0000000    282.2600000    3.1274688    1.9771037    102356.8700000    0.0041550
    0.0000000   258.2000000    0.0000000    282.7600000    3.3703347    3.4177250    102289.3300000    0.0043013
    0.0000000   259.7000000    0.0000000    283.2600000    2.9646606    2.9750273    102289.3300000    0.0047229
    0.0000000   266.7000000    0.0000000    283.0600000    1.3665475    1.4603246    102255.5600000    0.0048921
    0.0000000   318.6000000    0.0000000    283.0600000    0.0947232    0.7943724    102255.5600000    0.0046356
    0.0000000   335.9000000    0.0000000    282.8600000    0.3976604    0.0431997    102188.0200000    0.0043728
    0.0000000   323.0000000    0.0000000    282.8600000    0.3625231    0.1690473    102120.4800000    0.0045358
    0.0000000   296.9000000    0.0000000    282.2600000    0.9114033    0.4115144    102086.7100000    0.0044902
    0.0000000   303.6000000    0.0000000    281.4600000    1.4875067    0.1931934    102120.4800000    0.0041902
    0.0000000   314.3000000    0.0000000    280.3600000    0.7810368    0.1731517    102052.9400000    0.0037791
    0.0000000   304.4000000    0.0000000    279.8600000    1.4739192    0.2784999    102086.7100000    0.0035679
    43.6300000   303.4000000    0.0000000    279.4600000    1.9883019    0.2159987    102120.4800000    0.0035345
    152.2000000   280.4000000    0.0000000    278.5600000    1.5993762    0.0446746    102120.4800000    0.0033678
    203.3000000   287.8000000    0.0000000    278.5600000    1.5387861    0.4383347    102052.9400000    0.0034785
    243.7000000   267.6000000    0.0000000    278.1600000    1.8482742    0.4403210    101951.6300000    0.0037570
    375.6000000   253.2000000    0.0000000    278.2600000    2.6999959    0.0047124    101884.0900000    0.0045104
    377.8000000   248.3000000    0.0000000    277.6600000    2.0776280    0.7235066    101850.3200000    0.0046283
    279.3000000   242.7000000    0.0000000    276.8600000    2.1979061    0.0959627    101850.3200000    0.0043401
    113.3000000   242.9000000    0.0000000    276.1600000    1.7994627    0.0439779    101850.3200000    0.0039697
    0.0000000   232.8000000    0.0000000    274.2600000    1.1733609    0.5596644    101850.3200000    0.0031031
    0.0000000   226.8000000    0.0000000    273.6600000    1.9619546    0.9953564    101884.0900000    0.0028595
    0.0000000   225.4000000    0.0000000    272.8600000    2.1159723    1.6770990    101917.8600000    0.0024464
    0.0000000   226.6000000    0.0000000    272.4600000    1.3519061    1.8607391    101884.0900000    0.0020987
    0.0000000   218.2000000    0.0000000    271.8600000    1.0091502    1.4905086    101884.0900000    0.0019469
    0.0000000   216.7000000    0.0000000    271.9600000    0.2913515    1.4714327    101850.3200000    0.0018072
    0.0000000   216.8000000    0.0000000    271.6600000    0.9372820    0.3485720    101850.3200000    0.0018333
    0.0000000   213.0000000    0.0000000    271.0600000    0.9997015    0.0244322    101816.5500000    0.0017759
    0.0000000   214.4000000    0.0000000    270.9600000    0.9899495    0.9899495    101816.5500000    0.0016275
    0.0000000   210.9000000    0.0000000    270.7600000    1.1714001    0.5637568    101850.3200000    0.0014754
    0.0000000   204.5000000    0.0000000    270.3600000    1.0713736    0.2493164    101850.3200000    0.0012685
    0.0000000   202.2000000    0.0000000    270.0600000    1.1366523    0.3847356    101816.5500000    0.0012667
    0.0000000   200.3000000    0.0000000    269.6600000    0.3991662    0.0258129    101782.7800000    0.0012073
    0.0000000   199.4000000    0.0000000    269.8600000    0.2571150    0.3064178    101749.0100000    0.0011309
    0.0000000   197.7000000    0.0000000    269.3600000    0.2423970    0.1767589    101749.0100000    0.0010372
    0.0000000   197.1000000    0.0000000    268.6600000    0.0000000    0.0000000    101782.7800000    0.0009699
    59.6700000   201.4000000    0.0000000    268.6600000    0.0998971    0.0045363    101816.5500000    0.0010853
    201.9000000   213.3000000    0.0000000    270.4600000    0.1658075    0.1118386    101850.3200000    0.0013495
    332.2000000   222.2000000    0.0000000    271.9600000    0.3223798    0.5060349    101749.0100000    0.0016717
    317.8000000   238.8000000    0.0000000    271.4600000    0.8721142    0.2222991    101681.4700000    0.0017664
    296.0000000   248.3000000    0.0000000    271.3600000    0.9583226    0.2856884    101647.7000000    0.0017951
    166.6000000   256.8000000    0.0000000    270.3600000    0.8889195    0.1407910    101613.9300000    0.0014690
    118.2000000   256.6000000    0.0000000    270.5600000    0.0988756    0.0149535    101580.1600000    0.0015329
    40.4700000   265.6000000    0.0000000    270.3600000    0.0000000    0.0000000    101580.1600000    0.0015183
    0.0000000   263.9000000    0.0000000    270.1600000    0.0999877    0.0015707    101546.3900000    0.0014180
    0.0000000   260.7000000    0.0000000    269.6600000    0.1940591    0.0483844    101512.6200000    0.0014147
    0.0000000   269.7000000    0.0000000    270.1600000    0.0998027    0.0062791    101512.6200000    0.0015669
    0.0000000   264.7000000    0.0000000    269.7600000    0.3319631    0.3738990    101478.8500000    0.0014944
    0.0000000   265.6000000    0.0000000    268.8600000    0.2535785    0.1603057    101478.8500000    0.0012586
    0.0000000   266.6000000    0.0000000    267.9600000    0.1927261    0.0534477    101478.8500000    0.0012242
    0.0000000   281.5000000    0.0000000    268.5600000    0.9663761    0.2571328    101478.8500000    0.0013206
    0.0000000   288.0000000    0.0000000    268.4600000    1.1991155    0.0460654    101478.8500000    0.0012927
    0.0000000   275.7000000    0.0000000    268.0600000    0.7995602    0.0265241    101478.8500000    0.0012662
    0.0000000   268.5000000    0.0000000    267.8600000    1.1976321    0.0753486    101512.6200000    0.0012734
    0.0000000   263.2000000    0.0000000    267.2600000    0.3935540    0.0715209    101546.3900000    0.0012063
    0.0000000   274.6000000    0.0000000    266.9600000    0.0000000    0.0000000    101580.1600000    0.0011937
    0.0000000   280.5000000    0.0000000    266.9600000    0.4973514    0.0513963    101613.9300000    0.0011844
    0.0000000   253.9000000    0.0000000    266.9600000    0.6944803    0.0877333    101681.4700000    0.0011938
    0.0000000   248.3000000    0.0000000    266.5600000    0.8338845    0.9973147    101715.2400000    0.0011093
    0.0000000   207.3000000    0.0000000    266.2600000    0.4235229    0.4250039    101782.7800000    0.0010386
    42.6200000   208.7000000    0.0000000    267.3600000    0.2856388    0.0917086    101884.0900000    0.0011151
    202.4000000   212.8000000    0.0000000    269.3600000    0.0543795    0.5975306    101985.4000000    0.0013933
    376.5000000   222.4000000    0.0000000    271.4600000    0.8726887    0.6696376    101985.4000000    0.0016913
    383.2000000   225.2000000    0.0000000    271.9600000    1.2070316    0.4827782    102019.1700000    0.0017311
    383.1000000   223.4000000    0.0000000    271.5600000    2.3986805    0.0795724    102052.9400000    0.0016709
    379.0000000   221.3000000    0.0000000    270.3600000    3.3473108    0.5962469    102086.7100000    0.0015571
    309.4000000   220.6000000    0.0000000    270.9600000    1.9795525    0.2852579    102052.9400000    0.0017058
    125.1000000   210.5000000    0.0000000    270.4600000    1.5897150    0.1811251    102086.7100000    0.0015770
    0.0000000   208.2000000    0.0000000    268.5600000    0.4452548    0.5401372    102086.7100000    0.0012670
    0.0000000   219.7000000    0.0000000    268.1600000    0.8620402    0.2586245    102154.2500000    0.0011964
    0.0000000   221.9000000    0.0000000    269.7600000    0.2695914    0.5360228    102188.0200000    0.0012860
    0.0000000   212.7000000    0.0000000    269.6600000    0.3830222    0.3213938    102221.7900000    0.0012472
    0.0000000   224.7000000    0.0000000    269.3600000    0.5862273    0.1278182    102255.5600000    0.0012109
    0.0000000   242.3000000    0.0000000    269.4600000    0.7970762    0.0683335    102289.3300000    0.0012237
    0.0000000   249.8000000    0.0000000    269.6600000    0.5755008    0.3984957    102255.5600000    0.0012324
    0.0000000   247.9000000    0.0000000    269.9600000    0.4836793    0.6372239    102255.5600000    0.0013928
    0.0000000   246.8000000    0.0000000    270.1600000    0.9144131    0.9240393    102289.3300000    0.0015684
    0.0000000   275.5000000    0.0000000    270.4600000    0.1770847    0.9841956    102323.1000000    0.0015569
    0.0000000   275.0000000    0.0000000    269.8600000    0.4871850    0.1124755    102289.3300000    0.0014745
    0.0000000   247.6000000    0.0000000    269.4600000    0.6529101    0.4622861    102289.3300000    0.0013641
    0.0000000   244.5000000    0.0000000    269.6600000    0.4999079    0.0095987    102255.5600000    0.0014064
    0.0000000   238.4000000    0.0000000    269.9600000    0.0334407    0.2981304    102255.5600000    0.0014467
    0.0000000   245.4000000    0.0000000    269.7600000    0.4977810    0.0470542    102289.3300000    0.0014346
    7.9900000   253.2000000    0.0000000    270.2600000    0.8201519    0.5721459    102323.1000000    0.0014930
    84.7000000   260.2000000    0.0000000    270.6600000    0.9952274    0.0975829    102390.6400000    0.0015738
    268.9000000   265.6000000    0.0000000    272.8600000    0.5503743    0.7121012    102424.4100000    0.0020251
    340.1000000   269.5000000    0.0000000    274.1600000    1.0437636    0.3472139    102390.6400000    0.0024392
    277.8000000   264.1000000    0.0000000    274.1600000    0.5999671    0.0062831    102356.8700000    0.0027121
    307.5000000   265.4000000    0.0000000    274.0600000    0.3645613    0.1646057    102289.3300000    0.0027900
    311.8000000   263.1000000    0.0000000    275.0600000    0.3557665    0.1828392    102289.3300000    0.0031762
    227.7000000   259.5000000    0.0000000    274.7600000    0.3628176    0.1684143    102323.1000000    0.0030893
    68.1200000   258.9000000    0.0000000    274.2600000    0.0000000    0.0000000    102323.1000000    0.0029951
    0.0000000   253.6000000    0.0000000    273.4600000    0.2971528    0.0412334    102356.8700000    0.0027761
    0.0000000   253.3000000    0.0000000    272.4600000    0.0458958    0.2964685    102390.6400000    0.0023522
    0.0000000   258.3000000    0.0000000    273.7600000    0.2288005    0.1940369    102424.4100000    0.0030687
    0.0000000   244.3000000    0.0000000    272.9600000    0.2948806    0.0551854    102458.1800000    0.0025860
    0.0000000   233.9000000    0.0000000    272.7600000    0.1970816    0.0340419    102458.1800000    0.0024796
    0.0000000   229.8000000    0.0000000    272.4600000    0.0000000    0.0000000    102458.1800000    0.0023441
    0.0000000   228.9000000    0.0000000    272.5600000    0.0000000    0.0000000    102491.9500000    0.0023832
    0.0000000   229.0000000    0.0000000    272.8600000    0.0000000    0.0000000    102458.1800000    0.0026063
    0.0000000   226.3000000    0.0000000    272.7600000    0.0000000    0.0000000    102458.1800000    0.0025975
    0.0000000   223.9000000    0.0000000    272.5600000    0.0000000    0.0000000    102491.9500000    0.0024167
    0.0000000   225.3000000    0.0000000    273.1600000    1.2471082    0.3670439    102424.4100000    0.0027012
    0.0000000   224.9000000    0.0000000    272.6600000    0.4474672    0.2230989    102424.4100000    0.0025788
    0.0000000   225.7000000    0.0000000    272.7600000    0.0988494    0.0151261    102424.4100000    0.0025116
    0.0000000   229.3000000    0.0000000    273.2600000    0.4941142    0.0764929    102424.4100000    0.0027696
    0.0000000   230.6000000    0.0000000    273.1600000    0.1593060    0.1209198    102458.1800000    0.0027003
    0.0000000   228.1000000    0.0000000    271.5600000    0.0078459    0.0996917    102458.1800000    0.0021851
    37.2700000   228.4000000    0.0000000    271.7600000    0.0000000    0.0000000    102491.9500000    0.0021282
    205.5000000   232.7000000    0.0000000    273.5600000    0.0904869    0.1783595    102491.9500000    0.0026963
    376.3000000   242.7000000    0.0000000    275.7600000    0.4430732    0.4045814    102424.4100000    0.0034911
    383.1000000   245.5000000    0.0000000    276.3600000    0.3200548    0.3841418    102356.8700000    0.0038543
    383.0000000   249.0000000    0.0000000    277.9600000    1.5258068    1.4428838    102255.5600000    0.0043393
    383.0000000   249.0000000    0.0000000    278.3600000    0.3660630    0.8221909    102188.0200000    0.0047271
    295.8000000   245.7000000    0.0000000    277.4600000    0.8345364    1.4810635    102154.2500000    0.0042030
    134.6000000   239.1000000    0.0000000    275.4600000    0.8999507    0.0094246    102188.0200000    0.0035433
    2.6600000   235.0000000    0.0000000    273.2600000    0.4992683    0.0270394    102188.0200000    0.0028024
    0.0000000   239.7000000    0.0000000    274.8600000    4.2012960    0.9160307    102120.4800000    0.0031422
    0.0000000   240.9000000    0.0000000    275.2600000    5.1492103    1.2552422    102052.9400000    0.0032429
    0.0000000   241.0000000    0.0000000    275.6600000    3.4690696    0.9620582    102019.1700000    0.0034591
    0.0000000   241.4000000    0.0000000    274.8600000    4.0839537    0.9804705    102019.1700000    0.0033085
    0.0000000   243.0000000    0.0000000    274.2600000    4.7327810    0.8004900    101951.6300000    0.0030508
    0.0000000   244.9000000    0.0000000    274.7600000    4.2121736    0.8646351    101917.8600000    0.0031065
    0.0000000   245.2000000    0.0000000    274.8600000    3.4948783    0.1892758    101884.0900000    0.0030801
    0.0000000   250.6000000    0.0000000    275.2600000    3.0276841    0.6656795    101816.5500000    0.0031710
    0.0000000   245.1000000    0.0000000    275.3600000    3.6392144    0.6679208    101816.5500000    0.0032022
    0.0000000   252.3000000    0.0000000    275.2600000    0.7629736    0.2405646    101782.7800000    0.0031985
    0.0000000   278.4000000    0.0000000    275.1600000    0.6769545    0.4263010    101782.7800000    0.0032035
    0.0000000   278.3000000    0.0000000    274.6600000    2.3081791    0.6575021    101749.0100000    0.0030029
    0.0000000   280.4000000    0.0000000    274.9600000    1.2817948    0.2167994    101715.2400000    0.0030106
    0.0000000   296.3000000    0.0000000    274.8600000    0.5401372    0.4452548    101681.4700000    0.0029126
    0.0000000   298.8000000    0.0000000    273.6600000    0.6617538    1.1189646    101749.0100000    0.0026846
    41.5300000   298.0000000    0.0014110    271.0600000    1.7850081    0.2318321    101816.5500000    0.0020950
    85.2000000   304.5000000    0.0028220    270.0600000    0.6815052    0.1598456    101816.5500000    0.0020070
    62.3000000   308.9000000    0.0014110    270.2600000    0.9987194    0.0505929    101782.7800000    0.0021396
    71.3500000   305.9000000    0.0000000    269.5600000    1.2933449    0.1313732    101782.7800000    0.0019608
    85.2000000   304.8000000    0.0000000    269.3600000    1.6640746    0.3476433    101749.0100000    0.0019025
    178.4000000   311.3000000    0.0000000    270.1600000    1.6622315    0.3563516    101749.0100000    0.0021576
    130.5000000   306.9000000    0.0000000    269.9600000    1.4994152    0.0418825    101782.7800000    0.0020318
    102.2000000   271.7000000    0.0000000    270.2600000    1.3180588    0.4719334    101816.5500000    0.0019792
    5.3300000   253.7000000    0.0000000    269.6600000    1.9976123    0.0976995    101850.3200000    0.0016874
    0.0000000   247.5000000    0.0000000    269.3600000    3.2718899    1.2428744    101884.0900000    0.0015586
    0.0000000   243.3000000    0.0000000    268.9600000    3.1434565    1.2956393    101917.8600000    0.0015154
    0.0000000   238.5000000    0.0000000    268.8600000    1.8518990    1.5265877    101917.8600000    0.0013945
    0.0000000   233.6000000    0.0000000    268.8600000    0.2833503    2.1816766    101951.6300000    0.0013171
    0.0000000   225.4000000    0.0000000    268.2600000    1.1385590    1.6442881    101951.6300000    0.0010960
    0.0000000   217.5000000    0.0000000    267.8600000    0.9328529    0.5829112    101951.6300000    0.0008838
    0.0000000   212.4000000    0.0000000    267.7600000    0.1835989    1.6900566    101951.6300000    0.0009052
    0.0000000   207.5000000    0.0000000    266.8600000    0.8176574    0.3760804    101985.4000000    0.0008412
    0.0000000   204.8000000    0.0000000    267.3600000    1.4734309    0.2810720    102019.1700000    0.0008376
    0.0000000   197.2000000    0.0000000    267.3600000    1.7865831    0.2193648    102019.1700000    0.0008225
    0.0000000   191.9000000    0.0000000    267.2600000    1.4912264    0.1619990    102052.9400000    0.0007188
    0.0000000   189.7000000    0.0000000    266.6600000    0.5506528    0.2382887    102120.4800000    0.0005793
    0.0000000   187.1000000    0.0000000    266.8600000    0.4961660    0.0618007    102188.0200000    0.0005082
    0.0000000   187.5000000    0.0000000    266.4600000    0.0876742    0.1797588    102188.0200000    0.0004606
    3.7300000   188.2000000    0.0000000    266.4600000    0.5370156    0.4490147    102255.5600000    0.0004754
    63.9400000   192.3000000    0.0000000    267.0600000    1.8800990    0.2742768    102323.1000000    0.0005246
    221.1000000   194.7000000    0.0000000    268.2600000    2.5363972    1.4059479    102323.1000000    0.0006879
    371.7000000   204.9000000    0.0000000    269.9600000    1.8345488    1.2142614    102323.1000000    0.0009136
    403.0000000   208.5000000    0.0000000    269.2600000    1.3918113    0.1511991    102289.3300000    0.0010980
    412.6000000   212.4000000    0.0000000    269.4600000    1.0966091    0.0863050    102255.5600000    0.0014080
    313.6000000   236.5000000    0.0000000    269.0600000    0.6850137    0.4132267    102255.5600000    0.0014538
    166.7000000   214.3000000    0.0000000    268.1600000    0.3601275    0.1740924    102255.5600000    0.0012914
    158.7000000   217.8000000    0.0000000    269.4600000    0.4808707    0.1369796    102221.7900000    0.0014026
    0.0000000   224.9000000    0.0000000    266.6600000    0.3668240    0.1594996    102221.7900000    0.0009880
    0.0000000   226.8000000    0.0000000    265.8600000    0.0289032    0.0957319    102188.0200000    0.0008991
    0.0000000   219.7000000    0.0000000    265.5600000    0.0000000    0.0000000    102188.0200000    0.0008661
    0.0000000   223.3000000    0.0000000    265.3600000    0.0000000    0.0000000    102188.0200000    0.0008538
    0.0000000   210.9000000    0.0000000    265.2600000    0.0000000    0.0000000    102188.0200000    0.0008150
    0.0000000   207.1000000    0.0000000    265.8600000    2.2314645    1.1271939    102188.0200000    0.0008897
    0.0000000   198.7000000    0.0000000    265.8600000    2.4121027    1.2131613    102221.7900000    0.0008936
    0.0000000   195.5000000    0.0000000    266.0600000    0.6999733    0.0061086    102188.0200000    0.0008796
    0.0000000   194.6000000    0.0000000    266.1600000    0.2060152    0.3428669    102221.7900000    0.0008619
    0.0000000   192.7000000    0.0000000    265.6600000    0.1729297    0.2451435    102188.0200000    0.0007104
    0.0000000   192.8000000    0.0000000    265.4600000    0.0554224    0.5974348    102188.0200000    0.0007099
    0.0000000   192.5000000    0.0000000    265.5600000    0.2451435    0.1729297    102221.7900000    0.0007394
    0.0000000   195.9000000    0.0000000    265.3600000    0.1926325    0.0537840    102188.0200000    0.0007126
    0.0000000   198.3000000    0.0000000    266.0600000    0.0445876    0.3975072    102188.0200000    0.0007587
    0.0000000   193.7000000    0.0000000    265.3600000    0.0182236    0.0983255    102188.0200000    0.0007184
    0.0000000   195.2000000    0.0000000    264.8600000    0.0000000    0.0000000    102221.7900000    0.0006924
    33.5700000   190.9000000    0.0000000    264.8600000    0.0000000    0.0000000    102221.7900000    0.0006924
    216.9000000   195.6000000    0.0000000    267.1600000    0.2107823    0.3399571    102188.0200000    0.0009303
    374.9000000   206.1000000    0.0000000    268.9600000    0.4480768    0.5377985    102221.7900000    0.0012225
    403.0000000   210.2000000    0.0000000    270.0600000    0.4473543    0.6632301    102188.0200000    0.0014707
    416.3000000   210.9000000    0.0000000    270.1600000    0.8151278    0.5792812    102120.4800000    0.0015508
    383.3000000   212.4000000    0.0000000    271.1600000    0.6104485    0.3425677    102086.7100000    0.0017858
    317.3000000   210.8000000    0.0000000    271.7600000    0.4230966    0.2664381    102086.7100000    0.0019221
    157.1000000   204.6000000    0.0000000    269.9600000    0.3945142    0.0660190    102086.7100000    0.0015377
    9.5800000   198.8000000    0.0000000    267.1600000    0.2331933    0.4422905    102086.7100000    0.0010849
    0.0000000   202.2000000    0.0000000    269.5600000    0.4235610    0.2656993    102086.7100000    0.0011972
    0.0000000   221.1000000    0.0000000    269.4600000    0.1601396    0.3665451    102086.7100000    0.0010835
    0.0000000   252.7000000    0.0000000    268.9600000    0.5853207    0.1319077    102086.7100000    0.0010552
    0.0000000   255.9000000    0.0000000    269.6600000    0.0466891    0.1944740    102154.2500000    0.0009918
    0.0000000   239.4000000    0.0000000    268.1600000    0.0000000    0.0000000    102188.0200000    0.0009420
    0.0000000   228.6000000    0.0000000    268.1600000    0.0448606    0.2966269    102154.2500000    0.0008965
    0.0000000   252.6000000    0.0000000    268.4600000    0.0000000    0.0000000    102154.2500000    0.0008766
    0.0000000   217.5000000    0.0000000    269.1600000    0.0000000    0.0000000    102154.2500000    0.0008212
    0.0000000   212.5000000    0.0000000    268.5600000    0.0382683    0.0923880    102120.4800000    0.0007230
    0.0000000   215.0000000    0.0000000    269.0600000    0.0348572    0.0937282    102120.4800000    0.0007611
    0.0000000   220.9000000    0.0000000    269.4600000    0.0000000    0.0000000    102086.7100000    0.0005408
    0.0000000   220.7000000    0.0000000    269.5600000    0.0282341    0.0959314    102120.4800000    0.0005077
    0.0000000   228.2000000    0.0000000    269.9600000    0.0000000    0.0000000    102154.2500000    0.0005266
    0.0000000   217.7000000    0.0000000    269.4600000    0.0000000    0.0000000    102154.2500000    0.0005840
    0.0000000   214.7000000    0.0000000    269.0600000    0.0000000    0.0000000    102188.0200000    0.0006185
    36.2300000   213.9000000    0.0000000    269.1600000    0.0000000    0.0000000    102255.5600000    0.0007265
    222.1000000   218.1000000    0.0000000    271.8600000    0.1115490    0.1660025    102289.3300000    0.0012739
    383.3000000   227.8000000    0.0000000    273.8600000    0.2124449    0.7712763    102221.7900000    0.0015800
    391.6000000   233.0000000    0.0000000    274.4600000    0.7590523    0.4835696    102154.2500000    0.0016501
    365.0000000   234.6000000    0.0000000    275.0600000    0.3200548    0.3841418    102120.4800000    0.0020120
    383.1000000   240.6000000    0.0000000    276.3600000    0.5196152    0.3000000    102120.4800000    0.0022635
    187.3000000   236.5000000    0.0000000    275.5600000    0.3823172    0.1176161    102086.7100000    0.0015865
    114.9000000   238.4000000    0.0000000    276.1600000    0.0000000    0.0000000    102086.7100000    0.0014569
    0.5300000   245.2000000    0.0000000    274.9600000    0.0896486    0.0443071    102086.7100000    0.0010853
    0.0000000   270.8000000    0.0000000    275.8600000    0.0873604    0.1799116    102052.9400000    0.0011251
    0.0000000   277.0000000    0.0000000    275.9600000    0.2892286    0.0796668    102019.1700000    0.0011915
    0.0000000   269.1000000    0.0000000    276.2600000    0.0386387    0.2975013    102019.1700000    0.0011457
    0.0000000   237.7000000    0.0000000    276.2600000    0.4655279    0.1824384    102019.1700000    0.0012079
    0.0000000   240.3000000    0.0000000    275.8600000    0.9970528    0.0767190    101985.4000000    0.0012017
    0.0000000   239.9000000    0.0000000    276.0600000    1.8874083    0.2183806    101951.6300000    0.0012180
    0.0000000   236.1000000    0.0000000    276.3600000    2.4824138    0.2960099    101917.8600000    0.0012227
    0.0000000   238.1000000    0.0000000    276.5600000    3.1747670    0.4010663    101850.3200000    0.0012969
    0.0000000   237.7000000    0.0000000    276.4600000    3.1570309    0.5226431    101782.7800000    0.0012896
    0.0000000   236.3000000    0.0000000    276.3600000    4.3493731    0.6655476    101749.0100000    0.0013009
    0.0000000   251.5000000    0.0000000    274.9600000    3.1989034    0.0837662    101681.4700000    0.0012158
    0.0000000   246.2000000    0.0000000    274.4600000    4.1931422    0.9526585    101613.9300000    0.0011942
    0.0000000   256.0000000    0.0000000    274.9600000    3.1867588    1.1851450    101580.1600000    0.0011715
    0.0000000   264.0000000    0.0000000    275.3600000    2.6506179    0.9023439    101580.1600000    0.0011382
    12.7800000   258.2000000    0.0000000    274.7600000    4.4898083    1.3898278    101580.1600000    0.0011187
    101.1000000   261.2000000    0.0000000    275.3600000    3.1805097    1.2018145    101580.1600000    0.0012353
    177.2000000   271.1000000    0.0000000    276.2600000    2.6776458    1.7522023    101580.1600000    0.0014383
    243.2000000   276.5000000    0.0000000    277.9600000    0.7849726    1.5079184    101512.6200000    0.0017814
    303.3000000   274.4000000    0.0000000    278.7600000    1.0289884    0.3888223    101445.0800000    0.0019803
    230.9000000   276.6000000    0.0000000    278.4600000    0.9358922    0.5780188    101411.3100000    0.0019237
    171.9000000   281.1000000    0.0000000    278.3600000    1.1240066    0.4202489    101343.7700000    0.0019119
    158.0000000   273.7000000    0.0000000    278.9600000    0.9869842    0.4856564    101276.2300000    0.0021161
    29.8000000   294.7000000    0.0000000    278.9600000    1.0767100    0.5298070    101208.6900000    0.0021758
    0.0000000   311.2000000    0.0000000    279.0600000    1.1924177    0.7335803    101141.1500000    0.0022123
    0.0000000   273.9000000    0.0000000    279.4600000    1.7232907    3.1607387    101107.3800000    0.0022957
    0.0000000   246.9000000    0.0000000    279.2600000    0.7198794    2.0788876    101107.3800000    0.0022135
    0.0000000   252.7000000    0.0000000    278.6600000    0.8599993    1.1047177    101073.6100000    0.0021228
    0.0000000   257.6000000    0.0000000    278.5600000    2.0251107    0.8596085    101039.8400000    0.0021080
    0.0000000   246.3000000    0.0000000    278.1600000    3.0734791    0.4046312    101006.0700000    0.0020630
    0.0000000   233.6000000    0.0000000    277.9600000    3.8943156    0.9134035    100938.5300000    0.0021150
    0.0000000   234.3000000    0.0000000    277.6600000    4.0530693    1.1011946    100870.9900000    0.0021350
    0.0000000   229.2000000    0.0000000    276.7600000    3.2556881    0.5389757    100803.4500000    0.0019350
    0.0000000   225.1000000    0.0000000    275.2600000    1.9859310    0.2368079    100803.4500000    0.0016576
    0.0000000   219.6000000    0.0000000    273.0600000    0.7498256    0.2788576    100735.9100000    0.0013541
    0.0000000   215.5000000    0.0000000    271.8600000    0.9838850    0.1788022    100702.1400000    0.0012849
    0.0000000   212.5000000    0.0000000    270.1600000    1.5706035    0.3052944    100702.1400000    0.0013619
    0.0000000   237.5000000    0.0000000    269.8600000    2.4536587    1.3489103    100735.9100000    0.0014327
    0.0000000   280.7000000    0.0000000    269.1600000    1.8387762    1.2078502    100735.9100000    0.0012501
    4.2600000   278.8000000    0.0000000    268.0600000    1.7145948    1.5330247    100735.9100000    0.0010270
    66.5600000   276.7000000    0.0000000    267.1600000    1.7406918    1.3453595    100769.6800000    0.0008870
    121.4000000   274.3000000    0.0000000    267.4600000    0.9152177    1.1884345    100837.2200000    0.0007847
    168.3000000   270.2000000    0.0000000    267.3600000    1.8081651    0.8547157    100769.6800000    0.0007813
    196.5000000   271.0000000    0.0000000    266.9600000    2.2692446    0.7813636    100735.9100000    0.0007580
    270.5000000   258.4000000    0.0000000    267.5600000    2.4725397    0.3695235    100668.3700000    0.0006977
    369.0000000   242.4000000    0.0000000    268.2600000    2.4782957    0.7861617    100600.8300000    0.0007699
    275.3000000   216.3000000    0.0000000    267.8600000    2.6819030    0.8046095    100567.0600000    0.0006860
    167.7000000   202.6000000    0.0000000    267.4600000    2.3582707    0.4455999    100567.0600000    0.0007542
    14.9100000   193.9000000    0.0000000    265.7600000    1.1562413    0.5942273    100600.8300000    0.0006351
    0.0000000   203.8000000    0.0000000    264.8600000    0.9619225    1.0172045    100567.0600000    0.0005878
    0.0000000   196.4000000    0.0000000    264.5600000    0.8502377    1.3553951    100600.8300000    0.0005490
    0.0000000   186.2000000    0.0000000    264.4600000    1.1949711    0.7294135    100600.8300000    0.0004969
    0.0000000   186.2000000    0.0000000    264.2600000    1.2496201    0.6312286    100600.8300000    0.0004616
    0.0000000   186.7000000    0.0000000    263.7600000    0.5921134    0.0969623    100600.8300000    0.0004522
    0.0000000   220.9000000    0.0000000    263.6600000    0.6722056    0.1952938    100634.6000000    0.0004662
    0.0000000   244.9000000    0.0007055    263.6600000    1.1824895    0.2042514    100668.3700000    0.0005054
    0.0000000   250.3000000    0.0000000    263.0600000    0.8938536    0.1050037    100668.3700000    0.0005243
    0.0000000   234.4000000    0.0000000    262.4600000    1.0974527    0.0748168    100735.9100000    0.0005078
    0.0000000   221.7000000    0.0000000    261.8600000    1.0248604    0.3995764    100769.6800000    0.0004652
    0.0000000   216.0000000    0.0000000    261.6600000    1.4767548    0.2630501    100769.6800000    0.0004230
    0.0000000   242.8000000    0.0000000    261.6600000    1.7987911    0.0659587    100837.2200000    0.0004242
    0.0000000   242.4000000    0.0000000    261.3600000    1.8941429    0.1490723    100870.9900000    0.0003945
    0.0000000   248.8000000    0.0000000    261.2600000    1.7975332    0.0942047    100904.7600000    0.0003862
    26.6500000   211.9000000    0.0000000    260.8600000    1.5992958    0.0474660    100972.3000000    0.0003591
    88.5000000   245.1000000    0.0007055    261.1600000    1.5903375    0.1755749    101039.8400000    0.0003854
    127.4000000   253.6000000    0.0000000    261.5600000    2.0951370    0.1428321    101141.1500000    0.0004084
    261.6000000   249.5000000    0.0000000    262.3600000    1.8962508    0.1193020    101174.9200000    0.0004537
    360.7000000   239.3000000    0.0000000    263.3600000    2.2729253    0.3518674    101174.9200000    0.0004754
    226.9000000   256.1000000    0.0000000    263.1600000    2.2998284    0.0280991    101174.9200000    0.0004493
    231.2000000   248.2000000    0.0000000    263.3600000    2.1631608    0.4009182    101208.6900000    0.0004618
    197.7000000   198.3000000    0.0000000    263.7600000    1.5946198    0.1311016    101276.2300000    0.0004695
    181.7000000   228.2000000    0.0000000    264.2600000    1.9999970    0.0034907    101310.0000000    0.0004616
    0.0000000   199.2000000    0.0000000    262.5600000    0.5616357    0.2111050    101343.7700000    0.0003447
    0.0000000   222.9000000    0.0000000    262.3600000    0.0000000    0.0000000    101411.3100000    0.0003214
    0.0000000   182.9000000    0.0000000    262.2600000    0.1990455    0.0195166    101411.3100000    0.0003006
    0.0000000   191.9000000    0.0000000    262.4600000    0.1806671    0.0857870    101411.3100000    0.0003262
    0.0000000   193.8000000    0.0000000    262.8600000    0.0902596    0.4917857    101411.3100000    0.0003585
    0.0000000   189.2000000    0.0000000    262.7600000    0.5963688    1.0413185    101445.0800000    0.0003639
    0.0000000   223.7000000    0.0000000    263.5600000    0.6741905    1.8829411    101445.0800000    0.0004080
    0.0000000   223.8000000    0.0000000    264.0600000    0.9332387    1.9922514    101445.0800000    0.0004193
    0.0000000   247.4000000    0.0000000    264.0600000    0.3050461    1.0568571    101445.0800000    0.0004193
    0.0000000   246.2000000    0.0000000    264.1600000    0.2431074    1.3787309    101445.0800000    0.0004137
    0.0000000   248.9000000    0.0000000    264.0600000    0.6460661    1.1280951    101411.3100000    0.0004018
    0.0000000   237.9000000    0.0000000    263.9600000    0.9081497    1.5541120    101377.5400000    0.0003977
    0.0000000   253.5000000    0.0000000    264.4600000    0.5419807    1.5054092    101411.3100000    0.0004221
    0.0000000   258.1000000    0.0000000    264.4600000    0.3041809    1.4688342    101377.5400000    0.0004297
    0.0000000   251.1000000    0.0000000    264.1600000    1.8687866    1.9487526    101343.7700000    0.0003962
    20.7800000   232.3000000    0.0000000    263.4600000    2.8148649    2.6993584    101343.7700000    0.0003715
    63.9400000   250.1000000    0.0000000    264.1600000    1.9521079    2.9050430    101411.3100000    0.0003905
    74.5900000   264.8000000    0.0000000    263.8600000    2.1495457    2.2337084    101445.0800000    0.0004265
    146.0000000   263.1000000    0.0000000    264.3600000    2.6525692    2.5795109    101377.5400000    0.0004503
    155.0000000   263.2000000    0.0000000    264.9600000    1.5064420    3.0480539    101310.0000000    0.0004607
    146.0000000   265.8000000    0.0000000    265.3600000    2.0956427    2.9271627    101208.6900000    0.0004984
    84.7000000   262.8000000    0.0000000    265.2600000    3.2671030    2.1297976    101242.4600000    0.0004903
    76.7200000   266.9000000    0.0000000    266.6600000    0.3033439    2.5822437    101208.6900000    0.0005931
    52.2000000   268.5000000    0.0000000    267.4600000    0.3850134    3.2774631    101174.9200000    0.0006750
    0.0000000   269.7000000    0.0000000    267.6600000    0.1526213    2.4953370    101174.9200000    0.0006773
    0.0000000   268.8000000    0.0000000    267.5600000    1.2657156    0.5983010    101208.6900000    0.0006739
    0.0000000   268.7000000    0.0000000    267.5600000    1.5761749    0.2750866    101174.9200000    0.0006698
    0.0000000   266.8000000    0.0000000    267.7600000    1.8238827    1.2302244    101174.9200000    0.0006700
    0.0000000   268.8000000    0.0000000    267.8600000    2.8578838    1.6500000    101174.9200000    0.0006547
    0.0000000   272.1000000    0.0000000    268.3600000    4.6706343    1.4816125    101174.9200000    0.0006635
    0.0000000   273.2000000    0.0000000    268.5600000    4.9024346    1.4057505    101174.9200000    0.0006666
    0.0000000   275.6000000    0.0000000    268.8600000    5.0995029    0.0712071    101174.9200000    0.0006915
    0.0000000   278.5000000    0.0000000    269.1600000    4.2337592    1.1980331    101174.9200000    0.0007912
    0.0000000   279.1000000    0.0000000    269.3600000    4.3947470    0.2149390    101208.6900000    0.0008562
    0.0000000   280.5000000    0.0000000    269.3600000    3.9961929    0.1744775    101174.9200000    0.0008211
    0.0000000   283.2000000    0.0049385    269.4600000    3.6964784    0.1613917    101208.6900000    0.0008212
    0.0000000   288.7000000    0.0218705    268.1600000    3.6999098    0.0258307    101174.9200000    0.0011395
    0.0000000   291.4000000    0.0310420    267.1600000    1.2773966    0.2413666    101107.3800000    0.0012358
    0.0000000   293.0000000    0.0162265    267.4600000    0.9235819    0.5974919    101073.6100000    0.0013302
    0.0000000   295.0000000    0.0126990    267.7600000    0.9095145    1.6681677    101039.8400000    0.0013835
    0.0000000   293.6000000    0.0141100    268.1600000    1.3429867    2.2262944    101006.0700000    0.0014574
    50.0600000   297.4000000    0.0169320    269.1600000    0.3218240    2.7814437    101006.0700000    0.0017523
    63.8900000   300.3000000    0.0155210    269.6600000    0.0488644    1.9994030    100972.3000000    0.0019385
    63.8900000   301.9000000    0.0119935    270.1600000    0.1953058    1.8899354    100904.7600000    0.0021440
    63.8900000   303.7000000    0.0056440    270.4600000    1.6349602    0.4657307    100904.7600000    0.0022884
    31.4100000   305.9000000    0.0148155    271.1600000    2.2856662    0.2563785    100904.7600000    0.0025745
    4.2600000   309.3000000    0.0169320    271.5600000    2.7846613    0.2926797    100972.3000000    0.0027801
    0.0000000   309.1000000    0.0169320    271.4600000    3.1597242    0.5061058    101006.0700000    0.0027690
    0.0000000   309.4000000    0.0169320    271.5600000    2.4573384    0.4598784    101039.8400000    0.0028299
    0.0000000   310.5000000    0.0162265    271.7600000    1.9935578    0.1603978    101039.8400000    0.0029427
    0.0000000   313.2000000    0.0148155    272.3600000    2.1775077    0.3137837    101073.6100000    0.0032630
    0.0000000   312.8000000    0.0183430    272.2600000    2.3749301    0.7808373    101073.6100000    0.0032148
    0.0000000   314.0000000    0.0190485    272.4600000    2.0049977    0.6244872    101073.6100000    0.0033287
    0.0000000   315.3000000    0.0148155    272.3600000    1.4724408    0.2862135    101073.6100000    0.0032762
    0.0000000   315.3000000    0.0126990    272.4600000    2.3235543    0.6009120    101073.6100000    0.0033387
    0.0000000   313.2000000    0.0148155    272.7600000    2.7959027    0.1514207    101039.8400000    0.0035166
    0.0000000   314.3000000    0.0162265    272.7600000    2.0999488    0.0146606    101006.0700000    0.0035178
    0.0000000   315.5000000    0.0049385    272.6600000    2.3375423    0.5439631    101039.8400000    0.0034579
    0.0000000   315.6000000    0.0232815    272.5600000    1.4897560    0.1750061    100972.3000000    0.0034023
    0.0000000   315.5000000    0.0014110    272.5600000    1.6756959    0.2864319    100972.3000000    0.0034023
    0.0000000   315.5000000    0.0000000    272.4600000    1.7993832    0.0471185    100904.7600000    0.0033476
    0.0000000   315.4000000    0.0000000    272.3600000    1.2966730    0.0929467    100837.2200000    0.0032938
    0.0000000   314.6000000    0.0007055    272.4600000    0.4847939    0.3535178    100803.4500000    0.0033510
    0.0000000   315.2000000    0.0091715    272.6600000    0.0000000    0.0000000    100769.6800000    0.0034672
    0.0000000   315.7000000    0.0148155    272.6600000    0.2165281    0.2076430    100769.6800000    0.0034672
    0.0000000   315.7000000    0.0148155    272.5600000    0.4902869    0.3458594    100769.6800000    0.0034092
    0.0000000   315.7000000    0.0388025    272.5600000    0.0136124    0.5998456    100668.3700000    0.0034126
    0.0000000   315.7000000    0.0232815    272.6600000    0.0181499    0.7997941    100600.8300000    0.0034730
    0.0000000   315.7000000    0.0141100    272.6600000    0.0115185    0.5998894    100499.5200000    0.0034765
    0.0000000   315.5000000    0.0035275    272.5600000    0.0000000    0.0000000    100533.2900000    0.0034172
    0.0000000   315.3000000    0.0000000    272.6600000    0.0000000    0.0000000    100533.2900000    0.0034753
    0.0000000   315.2000000    0.0007055    272.6600000    0.0000000    0.0000000    100567.0600000    0.0034741
    0.0000000   315.3000000    0.0388025    272.7600000    0.0000000    0.0000000    100600.8300000    0.0035320
    0.0000000   315.2000000    0.0352750    273.9600000    0.0000000    0.5000000    100600.8300000    0.0043187
    0.0000000   315.0000000    0.0430355    275.3600000    0.2516566    3.6914318    100668.3700000    0.0045396
    0.0000000   313.3000000    0.0119935    275.1600000    3.3088082    0.7821691    100668.3700000    0.0043870
    0.0000000   315.9000000    0.0148155    274.5600000    1.6428393    0.4371257    100668.3700000    0.0041774
    0.0000000   316.5000000    0.0105825    274.6600000    1.8781885    0.6873194    100702.1400000    0.0041925
    0.0000000   317.1000000    0.0077605    273.5600000    3.2985475    0.0978986    100769.6800000    0.0038030
    0.0000000   314.9000000    0.0000000    273.1600000    2.7631960    0.4524907    100769.6800000    0.0036884
    0.0000000   315.5000000    0.0000000    272.4600000    2.8635000    0.4586584    100803.4500000    0.0033275
    0.0000000   315.1000000    0.0000000    272.2600000    0.0000000    0.0000000    100870.9900000    0.0032342
    0.0000000   315.4000000    0.0000000    272.4600000    0.0000000    0.0000000    100904.7600000    0.0033476
    0.0000000   314.5000000    0.0000000    272.4600000    0.0000000    0.0000000    100938.5300000    0.0033465
    0.0000000   314.0000000    0.0000000    272.4600000    0.0000000    0.0000000    101006.0700000    0.0033443
    0.0000000   313.5000000    0.0000000    272.3600000    0.0000000    0.0000000    101006.0700000    0.0032882
    0.0000000   313.5000000    0.0000000    272.3600000    0.0000000    0.0000000    101073.6100000    0.0032860
    0.0000000   313.5000000    0.0070550    272.4600000    0.0000000    0.0000000    101107.3800000    0.0033409
    26.0900000   314.6000000    0.1784915    272.5600000    0.0000000    0.0000000    101141.1500000    0.0033966
    133.6000000   300.0000000    0.0275145    272.9600000    0.0000000    0.0000000    101141.1500000    0.0036043
    261.4000000   288.8000000    0.0000000    274.0600000    0.8718896    0.8245050    101073.6100000    0.0041916
    228.9000000   301.3000000    0.0000000    274.3600000    2.4829692    2.1736752    101006.0700000    0.0042895
    218.8000000   302.9000000    0.0000000    274.5600000    4.9462631    2.8327516    100904.7600000    0.0041867
    184.7000000   302.9000000    0.0000000    273.8600000    6.8417401    3.7457433    100769.6800000    0.0038882
    79.3200000   308.5000000    0.0049385    273.5600000    7.4348872    2.3584851    100702.1400000    0.0037289
    16.5100000   315.8000000    0.0105825    273.5600000    4.5698490    2.4812256    100702.1400000    0.0038015
    0.0000000   318.4000000    0.0070550    273.9600000    2.6320270    1.9905864    100634.6000000    0.0040885
    0.0000000   316.3000000    0.0063495    273.4600000    4.9866681    1.7953110    100533.2900000    0.0038123
    0.0000000   317.4000000    0.0183430    273.2600000    5.6518246    2.2949680    100465.7500000    0.0036968
    0.0000000   316.2000000    0.0324530    272.8600000    4.2491880    2.0085820    100431.9800000    0.0035800
    0.0000000   317.2000000    0.0380970    273.1600000    4.0970438    2.5008462    100330.6700000    0.0037311
    0.0000000   319.2000000    0.0331585    273.8600000    5.6127154    3.6588831    100263.1300000    0.0040656
    0.0000000   319.3000000    0.0232815    274.0600000    4.6555961    3.6242827    100229.3600000    0.0041828
    0.0000000   321.7000000    0.0126990    274.8600000    4.8797754    3.3162919    100161.8200000    0.0047198
    0.0000000   322.5000000    0.0007055    274.8600000    5.2115417    3.8845635    100026.7400000    0.0047766
    0.0000000   320.7000000    0.0000000    275.0600000    7.5802790    3.8456950    99959.2000000    0.0049614
    0.0000000   320.2000000    0.0000000    275.7600000    6.9042303    5.1275339    99857.8900000    0.0054738
    0.0000000   317.0000000    0.0000000    276.6600000    5.1617564    5.0195887    99790.3500000    0.0061360
    0.0000000   320.8000000    0.0000000    277.1600000    3.8127764    4.3706677    99756.5800000    0.0064370
    0.0000000   317.0000000    0.0000000    277.5600000    1.4625348    3.1797786    99689.0400000    0.0066288
    0.0000000   323.5000000    0.0000000    277.1600000    1.4541970    3.5107422    99655.2700000    0.0062295
    0.0000000   322.8000000    0.0000000    276.5600000    0.7517645    2.3842924    99689.0400000    0.0058354
    34.5900000   319.3000000    0.0035275    276.2600000    2.0884960    0.2195098    99689.0400000    0.0056073
    56.9400000   323.2000000    0.0000000    275.5600000    4.1852700    0.3514469    99756.5800000    0.0052057
    64.9300000   320.3000000    0.0049385    274.8600000    4.1695808    0.5045747    99722.8100000    0.0046849
    53.2300000   316.2000000    0.0035275    273.0600000    4.9975328    0.1570538    99790.3500000    0.0036663
    62.3000000   314.1000000    0.0028220    272.5600000    4.3986866    0.1075016    99756.5800000    0.0034094
    119.3000000   308.0000000    0.0000000    272.2600000    5.0630624    0.6126979    99891.6600000    0.0032300
    142.7000000   291.1000000    0.0000000    272.4600000    5.2773409    0.4895641    100026.7400000    0.0031305
    70.8200000   241.2000000    0.0000000    271.9600000    4.8766143    0.4781562    100195.5900000    0.0025712
    21.3000000   255.8000000    0.0000000    271.8600000    5.3973354    0.1696181    100330.6700000    0.0023877
    0.0000000   257.8000000    0.0000000    271.3600000    5.2857667    0.3881624    100431.9800000    0.0021768
    0.0000000   268.1000000    0.0000000    270.5600000    4.3913176    0.2762783    100533.2900000    0.0021203
    0.0000000   264.9000000    0.0000000    270.1600000    4.5657123    0.5605990    100634.6000000    0.0020159
    0.0000000   281.9000000    0.0000000    269.9600000    4.7999342    0.0251326    100702.1400000    0.0019310
    0.0000000   288.4000000    0.0007055    269.0600000    4.0867934    0.3288156    100803.4500000    0.0017742
    0.0000000   272.5000000    0.0000000    268.8600000    5.0781960    0.4710900    100870.9900000    0.0015932
    0.0000000   240.3000000    0.0000000    268.5600000    4.6659595    0.5646431    100904.7600000    0.0013932
    0.0000000   226.8000000    0.0000000    267.8600000    4.1892513    0.3002893    101006.0700000    0.0012661
    0.0000000   220.8000000    0.0000000    267.2600000    4.6992842    0.0820263    101006.0700000    0.0011855
    0.0000000   258.9000000    0.0000000    266.9600000    4.1902740    0.2856642    101073.6100000    0.0011390
    0.0000000   207.5000000    0.0000000    266.5600000    3.2941914    0.1957110    101174.9200000    0.0010504
    0.0000000   213.2000000    0.0000000    266.1600000    1.2613844    0.3144985    101141.1500000    0.0009830
    0.0000000   198.5000000    0.0000000    265.7600000    0.6876011    0.1311669    101141.1500000    0.0008892
    0.0000000   201.1000000    0.0000000    266.6600000    0.7822266    0.1676949    101107.3800000    0.0008544
    0.0000000   202.2000000    0.0000000    266.5600000    1.6981128    0.0800810    101174.9200000    0.0009182
    62.3400000   210.3000000    0.0000000    267.1600000    1.5570862    0.3680796    101174.9200000    0.0010452
    225.3000000   245.1000000    0.0000000    269.1600000    1.5541120    0.9081497    101242.4600000    0.0013765
    183.7000000   267.4000000    0.0000000    268.2600000    6.0214960    1.8524540    101141.1500000    0.0012281
    189.6000000   282.4000000    0.0000000    268.5600000    5.5534129    2.7567381    101107.3800000    0.0012280
    92.1000000   285.4000000    0.0000000    268.3600000    6.0922608    3.6461429    101039.8400000    0.0012163
    165.6000000   284.4000000    0.0000000    268.3600000    7.4663296    3.6254548    101006.0700000    0.0012994
    157.6000000   273.1000000    0.0007055    268.5600000    8.2282856    3.6462743    100972.3000000    0.0014060
    21.8300000   291.4000000    0.0028220    268.4600000    9.2492493    3.2390410    100972.3000000    0.0014456
    0.0000000   292.9000000    0.0042330    268.4600000    9.1087875    2.6981458    100972.3000000    0.0015045
    0.0000000   294.2000000    0.0035275    268.4600000    9.1207948    3.3016816    100938.5300000    0.0015320
    0.0000000   295.4000000    0.0042330    268.4600000    6.5339365    4.4404587    100972.3000000    0.0015483
    0.0000000   296.3000000    0.0028220    268.4600000    6.0925908    3.8367092    100972.3000000    0.0015466
    0.0000000   297.3000000    0.0028220    268.6600000    5.9634961    3.4708376    100938.5300000    0.0015951
    0.0000000   297.6000000    0.0028220    268.8600000    7.3905007    2.1611337    100938.5300000    0.0016517
    0.0000000   298.4000000    0.0000000    269.0600000    7.1478511    1.9152609    100904.7600000    0.0017014
    0.0000000   295.1000000    0.0007055    269.0600000    7.4864813    2.1892003    100837.2200000    0.0017306
    0.0000000   296.6000000    0.0000000    269.2600000    6.5696928    2.1092976    100803.4500000    0.0017924
    0.0000000   291.8000000    0.0014110    269.3600000    6.9105396    2.3525396    100803.4500000    0.0018868
    0.0000000   295.3000000    0.0028220    269.6600000    5.5725231    2.7179011    100735.9100000    0.0019243
    0.0000000   298.3000000    0.0007055    269.6600000    4.9917247    3.3290666    100668.3700000    0.0019194
    0.0000000   295.8000000    0.0014110    269.4600000    5.9353809    1.7919971    100634.6000000    0.0018607
    0.0000000   297.5000000    0.0028220    269.6600000    5.1209477    1.7134451    100634.6000000    0.0019179
    0.0000000   298.8000000    0.0021165    269.7600000    5.0937913    1.0456052    100634.6000000    0.0019535
    4.2600000   299.1000000    0.0021165    270.0600000    3.9154696    0.8179842    100702.1400000    0.0020359
    63.3600000   299.9000000    0.0007055    270.3600000    3.3807404    0.9058667    100735.9100000    0.0021266
    154.9000000   295.5000000    0.0000000    271.0600000    2.0340246    0.5222488    100769.6800000    0.0023625
    227.4000000   295.8000000    0.0000000    271.9600000    0.0489978    0.2959716    100769.6800000    0.0027475
    231.6000000   304.2000000    0.0000000    271.8600000    0.8783251    0.1963289    100735.9100000    0.0028294
    266.2000000   309.7000000    0.0000000    271.4600000    1.5988207    0.0614205    100735.9100000    0.0027283
    292.8000000   296.4000000    0.0000000    271.5600000    1.7606657    0.3742410    100769.6800000    0.0027195
    346.1000000   241.6000000    0.0000000    272.7600000    1.5998440    0.0223395    100837.2200000    0.0029705
    96.9000000   303.1000000    0.0000000    270.5600000    1.7580101    0.3865236    100938.5300000    0.0023345
    2.1300000   299.6000000    0.0000000    269.8600000    2.0478136    0.4652518    101039.8400000    0.0021318
    0.0000000   278.8000000    0.0000000    269.6600000    1.1855518    0.1856525    101107.3800000    0.0020560
    0.0000000   227.9000000    0.0000000    269.2600000    0.5528567    0.7101757    101141.1500000    0.0018984
    0.0000000   206.8000000    0.0000000    268.8600000    0.2918328    0.0695244    101208.6900000    0.0017139
    0.0000000   207.8000000    0.0000000    269.2600000    0.1961910    0.0388469    101276.2300000    0.0016316
    0.0000000   203.2000000    0.0000000    269.0600000    0.1770787    0.0929684    101343.7700000    0.0015879
    0.0000000   198.8000000    0.0000000    269.2600000    0.4652088    0.1832506    101411.3100000    0.0014118
    0.0000000   210.9000000    0.0000000    269.7600000    1.3157192    0.7203352    101478.8500000    0.0011838
    0.0000000   212.2000000    0.0000000    269.4600000    0.2687135    0.1333906    101546.3900000    0.0010614
    0.0000000   198.4000000    0.0000000    268.9600000    0.1831325    0.0803896    101580.1600000    0.0010221
    0.0000000   197.0000000    0.0000000    268.8600000    0.0733730    0.0679441    101613.9300000    0.0010454
    0.0000000   198.1000000    0.0000000    267.7600000    0.0000000    0.0000000    101647.7000000    0.0011549
    0.0000000   201.4000000    0.0000000    267.7600000    0.0000000    0.0000000    101715.2400000    0.0011467
    0.0000000   220.5000000    0.0000000    267.6600000    0.0000000    0.0000000    101749.0100000    0.0011554
    0.0000000   269.8000000    0.0000000    268.2600000    0.0905569    0.0424199    101782.7800000    0.0014654
    29.8300000   260.9000000    0.0000000    268.9600000    0.0994151    0.0107999    101816.5500000    0.0017062
    126.8000000   248.4000000    0.0000000    269.1600000    2.2163500    0.6146483    101884.0900000    0.0016335
    260.9000000   252.5000000    0.0000000    269.9600000    2.8136668    1.0408070    101884.0900000    0.0017463
    303.0000000   262.8000000    0.0000000    269.8600000    5.8548123    1.7120669    101884.0900000    0.0017377
    341.3000000   272.5000000    0.0000000    270.1600000    6.4877546    3.1223454    101749.0100000    0.0017718
    285.4000000   280.0000000    0.0000000    270.1600000    5.9099028    4.4534312    101816.5500000    0.0017594
    105.4000000   289.6000000    0.0007055    269.5600000    5.4224126    4.2670179    101816.5500000    0.0015964
    63.8900000   293.2000000    0.0014110    268.9600000    4.4896569    2.6235436    101884.0900000    0.0014958
    70.8200000   288.8000000    0.0000000    268.4600000    4.7924324    1.7443027    101884.0900000    0.0014777
    22.3600000   284.8000000    0.0000000    268.4600000    7.0566058    2.5405344    101917.8600000    0.0015339
    0.0000000   295.0000000    0.0000000    269.0600000    8.1300176    3.8604162    101951.6300000    0.0016469
    0.0000000   297.8000000    0.0000000    269.1600000    7.9478455    3.5386088    101917.8600000    0.0016594
    0.0000000   300.8000000    0.0028220    269.4600000    8.6776485    3.0558824    101951.6300000    0.0017435
    0.0000000   302.7000000    0.0042330    269.5600000    9.0797775    3.4128640    102019.1700000    0.0018312
    0.0000000   305.4000000    0.0014110    269.8600000    9.5410732    2.2378385    101985.4000000    0.0019527
    0.0000000   308.0000000    0.0014110    269.8600000    8.0499377    2.0220046    102052.9400000    0.0020045
    0.0000000   312.5000000    0.0007055    271.5600000    5.0547215    1.8999449    102019.1700000    0.0027004
    0.0000000   313.8000000    0.0091715    272.3600000    4.1954571    1.6273106    102019.1700000    0.0031221
    0.0000000   321.4000000    0.0014110    274.0600000    1.5054092    0.5419807    102086.7100000    0.0041759
    0.0000000   325.8000000    0.0007055    275.0600000    0.4067214    1.0220458    102120.4800000    0.0049177
    0.0000000   327.7000000    0.0007055    275.5600000    1.6389622    0.4514454    102086.7100000    0.0051257
    0.0000000   327.9000000    0.0000000    275.6600000    1.5583615    0.3626421    102052.9400000    0.0051334
    0.0000000   330.7000000    0.0000000    276.3600000    2.0565547    1.0298459    102086.7100000    0.0055722
    0.0000000   330.3000000    0.0000000    276.3600000    2.9581450    0.9270265    102086.7100000    0.0054773
    0.0000000   330.2000000    0.0000000    276.2600000    2.2712704    1.0446677    102086.7100000    0.0053947
    11.1700000   330.8000000    0.0000000    276.1600000    2.2454808    0.4978111    102188.0200000    0.0053019
    73.4300000   330.9000000    0.0000000    275.9600000    2.1854201    0.2528617    102188.0200000    0.0051842
    89.9000000   330.4000000    0.0000000    276.0600000    3.3972609    0.1364481    102188.0200000    0.0052699
    97.4000000   328.2000000    0.0000000    276.0600000    4.0954485    0.1931364    102188.0200000    0.0053301
    92.6000000   325.2000000    0.0000000    275.9600000    4.4835538    0.3843762    102188.0200000    0.0051310
    170.3000000   322.8000000    0.0000000    276.1600000    3.8909687    0.2652596    102188.0200000    0.0051490
    121.8000000   316.3000000    0.0000000    276.1600000    3.5846089    0.3325341    102188.0200000    0.0048861
    84.1000000   304.2000000    0.0000000    275.6600000    2.7938441    0.1855669    102188.0200000    0.0045576
    12.2400000   285.7000000    0.0000000    275.2600000    2.0641642    0.3862978    102221.7900000    0.0040917
    0.0000000   296.9000000    0.0000000    275.2600000    0.8879149    0.1469934    102221.7900000    0.0039019
    0.0000000   299.4000000    0.0000000    275.4600000    0.6539431    0.2497166    102221.7900000    0.0038800
    0.0000000   294.2000000    0.0000000    275.2600000    0.2026771    0.2211832    102188.0200000    0.0037397
    0.0000000   286.6000000    0.0000000    275.4600000    0.2994080    0.0188372    102154.2500000    0.0036808
    0.0000000   276.7000000    0.0000000    275.4600000    0.1976988    0.0302522    102120.4800000    0.0035948
    0.0000000   265.6000000    0.0000000    275.0600000    1.9986568    0.0732874    102086.7100000    0.0035656
    0.0000000   283.0000000    0.0000000    275.4600000    0.4519736    0.6600908    102019.1700000    0.0034455
    0.0000000   281.2000000    0.0000000    275.8600000    0.0245816    0.2989912    101985.4000000    0.0033833
    0.0000000   315.1000000    0.0000000    276.0600000    0.6957635    1.2148716    101850.3200000    0.0040259
    0.0000000   316.1000000    0.0014110    275.3600000    1.6434771    1.3072807    101749.0100000    0.0040713
    0.0000000   318.9000000    0.0056440    274.3600000    0.7815144    1.2803262    101647.7000000    0.0040340
    0.0000000   319.0000000    0.0119935    273.6600000    0.4773989    0.5119476    101613.9300000    0.0038147
    0.0000000   314.1000000    0.0098770    272.9600000    0.2270985    0.1960262    101580.1600000    0.0035489
    0.0000000   313.9000000    0.0148155    272.7600000    0.3808518    0.1222781    101546.3900000    0.0034676
    0.0000000   314.6000000    0.0063495    272.3600000    0.3662650    0.1607791    101546.3900000    0.0032544
    3.7300000   315.9000000    0.0028220    272.4600000    0.1977513    0.0299071    101546.3900000    0.0033132
    13.8400000   314.7000000    0.0063495    272.8600000    1.0998325    0.0191976    101580.1600000    0.0035431
    63.8900000   313.4000000    0.0049385    273.3600000    1.3925839    0.1439096    101613.9300000    0.0038406
    72.9400000   319.9000000    0.0000000    273.6600000    3.3999171    0.0237363    101546.3900000    0.0040532
    64.9500000   319.9000000    0.0035275    273.6600000    4.3845686    0.3681825    101546.3900000    0.0040654
    77.7300000   319.7000000    0.0000000    273.6600000    4.3396566    0.7262095    101546.3900000    0.0040654
    158.1000000   297.7000000    0.0000000    273.7600000    3.8793410    0.4008909    101546.3900000    0.0040926
    83.6000000   272.4000000    0.0000000    273.7600000    4.1881776    0.3149107    101580.1600000    0.0038265
    48.4500000   222.0000000    0.0000000    273.2600000    3.8990448    0.8930005    101647.7000000    0.0031101
    0.0000000   214.8000000    0.0000000    272.1600000    4.3734282    0.4828310    101681.4700000    0.0025483
    0.0000000   222.5000000    0.0000000    271.2600000    1.7883085    0.8955182    101715.2400000    0.0022485
    0.0000000   204.0000000    0.0000000    270.2600000    2.5634488    0.8477796    101816.5500000    0.0016691
    0.0000000   196.9000000    0.0000000    268.7600000    2.4999848    0.0087266    101850.3200000    0.0012851
    0.0000000   195.6000000    0.0000000    267.7600000    2.7576170    1.9888561    101917.8600000    0.0011813
    0.0000000   194.2000000    0.0000000    267.1600000    1.7831277    1.8922092    101985.4000000    0.0010647
    0.0000000   192.4000000    0.0000000    267.3600000    2.0044391    1.4940629    102052.9400000    0.0009719
    0.0000000   191.2000000    0.0000000    267.0600000    1.7319140    2.0713459    102052.9400000    0.0009165
    0.0000000   189.7000000    0.0000000    266.3600000    1.8977610    1.2994241    102120.4800000    0.0008779
    0.0000000   188.3000000    0.0000000    266.1600000    1.8549624    0.4112353    102188.0200000    0.0008112
    0.0000000   186.6000000    0.0000000    266.0600000    1.3873765    0.1875807    102188.0200000    0.0007163
    0.0000000   186.3000000    0.0000000    266.1600000    1.5613588    0.6724274    102221.7900000    0.0006901
    0.0000000   185.1000000    0.0000000    265.9600000    0.8350526    0.3356890    102289.3300000    0.0006730
    0.0000000   184.0000000    0.0000000    265.9600000    1.0336619    0.3762222    102390.6400000    0.0006168
    0.5300000   181.4000000    0.0000000    264.8600000    0.3595176    0.1753485    102424.4100000    0.0005806
    78.3500000   180.5000000    0.0000000    264.5600000    0.3731814    0.1439987    102491.9500000    0.0006094
    341.0000000   192.4000000    0.0000000    268.7600000    0.0848399    0.1811138    102525.7200000    0.0009396
    387.1000000   206.8000000    0.0000000    268.7600000    0.6600017    0.7512641    102525.7200000    0.0009920
    411.6000000   209.1000000    0.0000000    267.6600000    1.6927320    0.1570300    102491.9500000    0.0011441
    460.0000000   217.5000000    0.0000000    268.4600000    1.6239732    0.5027037    102458.1800000    0.0012969
    432.9000000   206.8000000    0.0000000    269.1600000    1.9977797    0.0942129    102458.1800000    0.0013508
    365.8000000   203.8000000    0.0000000    269.7600000    1.2809435    0.5649634    102458.1800000    0.0013637
    221.5000000   198.1000000    0.0000000    269.4600000    0.9583226    0.2856884    102491.9500000    0.0013180
    51.6500000   189.7000000    0.0000000    268.1600000    0.1588829    0.1214752    102525.7200000    0.0010741
    0.0000000   185.8000000    0.0000000    265.8600000    0.0000000    0.0000000    102559.4900000    0.0007923
    0.0000000   185.2000000    0.0000000    266.0600000    0.0940881    0.0338738    102593.2600000    0.0007915
    0.0000000   187.4000000    0.0000000    266.5600000    0.1913627    0.0581404    102559.4900000    0.0004825
    0.0000000   191.5000000    0.0000000    266.3600000    0.0000000    0.0000000    102559.4900000    0.0005572
    0.0000000   193.8000000    0.0000000    266.3600000    0.0921185    0.0389124    102525.7200000    0.0007016
    0.0000000   197.4000000    0.0000000    266.2600000    0.0000000    0.0000000    102525.7200000    0.0007432
    0.0000000   197.0000000    0.0000000    265.6600000    0.0000000    0.0000000    102525.7200000    0.0007344
    0.0000000   197.1000000    0.0000000    266.3600000    0.0944376    0.0328867    102525.7200000    0.0008046
    0.0000000   200.0000000    0.0000000    266.4600000    0.1881762    0.0677476    102491.9500000    0.0008485
    0.0000000   202.5000000    0.0000000    266.3600000    0.0000000    0.0000000    102525.7200000    0.0008538
    0.0000000   204.5000000    0.0000000    266.9600000    0.0261467    0.2988584    102525.7200000    0.0009421
    0.0000000   204.7000000    0.0000000    267.0600000    0.1998526    0.0076776    102525.7200000    0.0009058
    0.0000000   204.7000000    0.0000000    267.3600000    0.0872922    0.0487860    102559.4900000    0.0008837
    0.0000000   219.2000000    0.0000000    267.5600000    0.0993171    0.0116671    102525.7200000    0.0008945
    13.3200000   210.6000000    0.0000000    267.9600000    0.1964575    0.0374763    102593.2600000    0.0009226
    91.6000000   206.1000000    0.0000000    268.3600000    0.0996041    0.0088894    102627.0300000    0.0009600
    338.8000000   219.3000000    0.0000000    271.8600000    0.0831944    0.2882337    102694.5700000    0.0013402
    397.1000000   228.3000000    0.0000000    272.7600000    0.4998287    0.0130885    102694.5700000    0.0014670
    464.5000000   238.2000000    0.0000000    272.4600000    1.1724547    0.2556365    102660.8000000    0.0014675
    460.3000000   236.1000000    0.0000000    272.8600000    1.5608553    0.3517539    102627.0300000    0.0016408
    424.6000000   240.9000000    0.0000000    273.1600000    1.4468361    0.3958096    102593.2600000    0.0017262
    333.2000000   243.3000000    0.0000000    273.4600000    1.1406189    0.3728117    102593.2600000    0.0016828
    149.1000000   236.4000000    0.0000000    272.2600000    0.7976422    0.0613752    102593.2600000    0.0014515
    33.5400000   234.2000000    0.0000000    271.5600000    0.1688656    0.1071654    102627.0300000    0.0011218
    0.0000000   251.4000000    0.0000000    271.2600000    0.0999123    0.0041876    102593.2600000    0.0009669
    0.0000000   261.8000000    0.0000000    272.2600000    0.2955328    0.0515787    102593.2600000    0.0010441
    0.0000000   256.6000000    0.0000000    272.4600000    0.0000000    0.0000000    102627.0300000    0.0010434
    0.0000000   245.2000000    0.0000000    272.5600000    0.0982935    0.0183951    102627.0300000    0.0010042
    0.0000000   243.1000000    0.0000000    273.0600000    0.1985515    0.0240274    102593.2600000    0.0009143
    0.0000000   240.8000000    0.0000000    273.4600000    0.2993404    0.0198822    102593.2600000    0.0008531
    0.0000000   238.5000000    0.0000000    273.1600000    1.0973205    0.0767321    102525.7200000    0.0009415
    0.0000000   239.2000000    0.0000000    273.2600000    2.0980013    0.0916007    102491.9500000    0.0009842
    0.0000000   251.6000000    0.0000000    273.7600000    2.6703428    0.3990854    102458.1800000    0.0009556
    0.0000000   248.9000000    0.0000000    273.9600000    3.9833514    0.9710364    102390.6400000    0.0009165
    0.0000000   255.1000000    0.0000000    274.6600000    5.0388818    1.2843949    102255.5600000    0.0009594
    0.0000000   255.1000000    0.0000000    274.4600000    5.3837706    1.1247283    102221.7900000    0.0009469
    0.0000000   263.8000000    0.0000000    274.4600000    5.7357576    2.0763153    102154.2500000    0.0010353
    0.0000000   277.2000000    0.0000000    274.3600000    3.8447139    2.5255050    102154.2500000    0.0010683
    22.9000000   277.2000000    0.0000000    273.6600000    4.4758585    2.6470154    102154.2500000    0.0011044
    111.3000000   275.1000000    0.0000000    274.7600000    1.8793622    0.9370154    102154.2500000    0.0011464
    188.5000000   279.8000000    0.0000000    275.0600000    4.6483746    0.6947042    102120.4800000    0.0010622
    309.2000000   273.5000000    0.0000000    275.4600000    7.0320404    1.5460944    102052.9400000    0.0011572
    385.8000000   259.2000000    0.0000000    275.9600000    7.8054067    2.1646308    101951.6300000    0.0013169
    501.2000000   246.2000000    0.0000000    277.2600000    6.3459240    1.4068575    101850.3200000    0.0015414
    433.7000000   248.8000000    0.0000000    278.0600000    3.5864436    1.2559547    101782.7800000    0.0017554
    284.1000000   248.1000000    0.0000000    277.2600000    4.2460726    1.1536324    101749.0100000    0.0017046
    114.4000000   260.7000000    0.0000000    275.7600000    3.1474287    0.5776613    101715.2400000    0.0015650
    12.7700000   284.2000000    0.0000000    275.8600000    2.2823635    0.2842834    101647.7000000    0.0015978
    0.0000000   284.1000000    0.0000000    275.8600000    4.5458506    0.7037348    101613.9300000    0.0015456
    0.0000000   294.3000000    0.0000000    275.6600000    5.9858853    1.1743840    101512.6200000    0.0014461
    0.0000000   298.0000000    0.0000000    275.5600000    6.0599785    1.3102137    101512.6200000    0.0015676
    0.0000000   310.4000000    0.0000000    276.5600000    4.2392585    1.5095321    101478.8500000    0.0020379
    0.0000000   311.9000000    0.0000000    276.9600000    0.9144131    0.9240393    101478.8500000    0.0024768
    0.0000000   316.4000000    0.0000000    276.7600000    1.8140455    0.5650123    101445.0800000    0.0028467
    0.0000000   315.4000000    0.0049385    276.4600000    4.6996492    0.0574199    101411.3100000    0.0036501
    0.0000000   314.8000000    0.0042330    273.8600000    1.5721805    0.2970666    101343.7700000    0.0034024
    0.0000000   318.7000000    0.0000000    274.4600000    0.9952274    0.0975829    101276.2300000    0.0040933
    0.0000000   324.4000000    0.0000000    275.0600000    2.0486225    0.4616770    101242.4600000    0.0041001
    0.0000000   324.1000000    0.0000000    275.2600000    3.3710690    0.9412194    101208.6900000    0.0038504
    0.0000000   320.5000000    0.0000000    274.9600000    4.8210367    0.8761309    101242.4600000    0.0036073
    0.0000000   309.6000000    0.0000000    273.7600000    3.9984405    0.1116866    101276.2300000    0.0032239
    0.0000000   289.3000000    0.0000000    272.7600000    2.6866500    0.2681633    101310.0000000    0.0028830
    18.6400000   268.6000000    0.0000000    272.3600000    2.6564896    0.4827660    101310.0000000    0.0027440
    90.0000000   268.4000000    0.0000000    272.2600000    2.7966572    0.1367794    101310.0000000    0.0026496
    234.8000000   279.1000000    0.0000000    272.8600000    3.1959019    0.1618974    101377.5400000    0.0028266
    257.6000000   299.7000000    0.0000000    272.9600000    3.6977461    0.1291281    101411.3100000    0.0027395
    208.7000000   288.7000000    0.0000000    272.8600000    3.3685427    0.4614329    101377.5400000    0.0025628
    397.6000000   261.8000000    0.0000000    273.5600000    3.0841302    0.3132745    101377.5400000    0.0025936
    333.2000000   262.3000000    0.0000000    273.6600000    3.2941914    0.1957110    101377.5400000    0.0026618
    186.3000000   275.0000000    0.0000000    273.3600000    2.2873992    1.0088632    101411.3100000    0.0025732
    219.8000000   228.7000000    0.0000000    274.4600000    1.2988597    0.0544383    101377.5400000    0.0028504
    46.8400000   227.5000000    0.0000000    273.3600000    0.5982317    0.0460314    101411.3100000    0.0024066
    0.0000000   221.9000000    0.0000000    271.9600000    0.1785172    0.0901755    101478.8500000    0.0020065
    0.0000000   224.8000000    0.0000000    271.9600000    0.1518101    0.2587541    101512.6200000    0.0019508
    0.0000000   221.4000000    0.0000000    272.1600000    0.1210636    0.2744879    101546.3900000    0.0019541
    0.0000000   222.4000000    0.0000000    272.3600000    0.1500222    0.1322624    101546.3900000    0.0019134
    0.0000000   224.0000000    0.0000000    272.2600000    0.0997916    0.0064532    101546.3900000    0.0019070
    0.0000000   220.8000000    0.0000000    272.2600000    0.6965389    0.0695238    101512.6200000    0.0019752
    0.0000000   220.2000000    0.0000000    271.9600000    3.2902112    0.8570358    101512.6200000    0.0020241
    0.0000000   226.3000000    0.0000000    271.8600000    3.3128582    0.7648336    101445.0800000    0.0019252
    0.0000000   240.2000000    0.0000000    271.9600000    4.3299810    1.2252611    101478.8500000    0.0019392
    0.0000000   245.8000000    0.0000000    272.0600000    3.9391945    1.1369901    101445.0800000    0.0019294
    0.0000000   243.5000000    0.0000000    272.4600000    3.2371520    0.6409734    101445.0800000    0.0019679
    0.0000000   219.1000000    0.0000000    272.1600000    2.9861886    0.2875373    101445.0800000    0.0018991
    0.0000000   220.6000000    0.0000000    272.3600000    2.9428655    0.5827031    101445.0800000    0.0019120
    0.0000000   240.0000000    0.0000000    271.5600000    3.6653182    1.0027176    101445.0800000    0.0017781
    22.9000000   255.8000000    0.0000000    272.0600000    3.3473108    0.5962469    101512.6200000    0.0019126
    92.1000000   273.4000000    0.0000000    273.3600000    1.3583547    0.8455013    101580.1600000    0.0020892
    223.1000000   264.6000000    0.0000000    273.5600000    2.4699273    0.8120708    101580.1600000    0.0022524
    414.1000000   243.2000000    0.0000000    275.0600000    3.4008008    1.4575851    101580.1600000    0.0026593
    482.1000000   240.0000000    0.0000000    276.0600000    0.7594116    1.9578800    101546.3900000    0.0031541
    502.3000000   241.1000000    0.0000000    275.2600000    1.8999884    0.0066322    101512.6200000    0.0032495
    427.3000000   237.0000000    0.0000000    275.4600000    2.0906801    0.1976275    101512.6200000    0.0030017
    371.9000000   234.6000000    0.0000000    275.9600000    1.3061349    0.5039955    101512.6200000    0.0029966
    239.4000000   230.1000000    0.0000000    276.3600000    0.7488476    0.2814733    101512.6200000    0.0030595
    42.5700000   223.9000000    0.0000000    274.3600000    0.4941205    0.7522266    101546.3900000    0.0025655
    0.0000000   222.4000000    0.0000000    272.9600000    0.8320914    0.3429633    101647.7000000    0.0022415
    0.0000000   242.3000000    0.0000000    272.9600000    0.9000000    0.0000000    101647.7000000    0.0022885
    0.0000000   242.6000000    0.0000000    273.3600000    2.9807156    0.3396096    101647.7000000    0.0023623
    0.0000000   247.7000000    0.0000000    273.4600000    3.1588360    0.5116198    101647.7000000    0.0023040
    0.0000000   254.0000000    0.0000000    273.0600000    5.3857513    1.5341716    101580.1600000    0.0022699
